CROSSRATE
100
PARTSKEW
0
CONTENTION
0:0.4:0.8:1.01:1.2:1.4:1.5
TRANSPER
20
33:0:0:0:67:0
67:0:0:0:33:0
0:33:0:0:67:0
0:67:0:0:33:0
0:33:0:0:0:67
0:67:0:0:0:33
0:33:67:0:0:0
0:67:33:0:0:0
0:50:0:50:0:0
33:0:67:0:0:0
67:0:33:0:0:0
50:0:0:50:0:0
33:0:0:0:0:67
67:0:0:0:0:33
100:0:0:0:0:0
0:100:0:0:0:0
0:0:100:0:0:0
0:0:0:100:0:0
0:0:0:0:100:0
0:0:0:0:0:100

